time,x,y,z,phi,theta,psi,x_velocity,y_velocity,z_velocity,phi_velocity,theta_velocity,psi_velocity,rotor_speed1,rotor_speed2,rotor_speed3,rotor_speed4
0.06,8.92922816112e-08,-9.0916490799e-08,10.0029109263,6.28295530695,6.28299910388,0.0,1.15568666272e-05,-1.3306247851e-05,0.0970268309812,-0.0128837154395,-0.0101729908597,0.0,435.99769624766793,435.1471484978251,436.87573225835143,435.8004282335604
0.12000000000000001,6.66585466699e-06,-8.15696915358e-06,10.0104481458,6.28212246192,6.28216346992,0.0,0.000275567939223,-0.000332301413087,0.154207229531,-0.0159532669075,-0.0227545110842,0.0,423.86981803314876,422.78747716021235,423.02705953535764,422.7628071264157
0.18,4.91047734968e-05,-5.44450196308e-05,10.0233904285,6.28129568844,6.28167447503,0.0,0.00122654514237,-0.00130429611684,0.2771793894,-0.00975266656884,0.0113604674502,0.0,442.718342426855,445.5160127452889,443.9606016649345,444.4690873212486
0.23999999999999996,0.000150704861678,-0.000173144274336,10.0425612813,6.28045689391,6.28229497566,0.0,0.00209507426491,-0.00272158232225,0.361825365689,-0.0241649656374,0.00822201729521,0.0,433.19120162605117,432.9271349071405,431.74063366980783,430.5232109372496
0.3,0.000289778731751,-0.000386339787553,10.0636402797,6.27993948238,6.28305983926,0.0,0.00248676395986,-0.00445864256917,0.340814466769,0.0117248207301,0.0205354394858,0.0,395.93835312286797,397.0693154832083,395.4368731379882,398.7287084635897
0.36000000000000004,0.000436203063626,-0.000721874380448,10.0882491925,6.28058869008,0.00154110499328,0.0,0.00223474798714,-0.00665276408108,0.479434213093,0.00894642031238,0.0393165291625,0.0,448.79864664228427,450.3203677710506,448.81425826401545,448.58861230431586
0.4200000000000001,0.000527055746955,-0.00117538788395,10.1211625488,6.28123817037,0.00400967741783,0.0,0.00053368551073,-0.00840007576668,0.617612147255,0.0143388446438,0.0445650494235,0.0,449.4251026798843,449.85110889227366,448.36894195742894,448.8066336044177
0.48000000000000015,0.000461953060808,-0.0017177852185,10.1621424812,6.28228846432,0.00648451697316,0.0,-0.00297879411763,-0.0095772183045,0.748307470486,0.0231845871733,0.0336145974445,0.0,446.55311398743044,445.65996827824307,447.4319018567696,448.15130515973635
0.5400000000000001,0.000116746838686,-0.00230663334777,10.2136733516,0.00129332671107,0.0083184492289,0.0,-0.00875883341629,-0.00982627255189,0.969225432799,0.0548036388123,0.0236393598889,0.0,474.0886720354752,473.32195021496204,473.7172691382512,476.14254809985823
0.6000000000000002,-0.000601320906703,-0.00285383079014,10.2764790769,0.00451166798486,0.0104728567139,0.0,-0.0153802962446,-0.00805551502601,1.12415627974,0.051202649193,0.053170315556,0.0,454.1060970386847,456.4690145121038,454.77868737431305,454.492028436526
0.6600000000000003,-0.00179784805208,-0.00321145526774,10.3510073714,0.00762737578449,0.0136861956711,0.0,-0.0248920752676,-0.00348884375801,1.35986336145,0.0533414502656,0.054315106206,0.0,480.2129226665903,480.30140161340313,478.2602475454528,478.424635670899
0.7200000000000003,-0.00363132170715,-0.0032248662169,10.4387341772,0.0103162281919,0.0166307818693,0.0,-0.0365876560698,0.00339878603645,1.56409798572,0.0163846471382,0.0357225182742,0.0,471.4961972497441,470.0590235128803,471.9365404783078,469.076506484227
0.7800000000000004,-0.00620397517437,-0.0027879328684,10.5370878607,0.0115687922242,0.01858343451,0.0,-0.0493889146568,0.0112870406787,1.71413959418,0.0286122376274,0.0252802718524,0.0,455.061905892008,454.2256968964859,454.7159664000171,455.6943508640377
0.8400000000000004,-0.00958663914626,-0.00184671237635,10.6444936407,0.0131680551139,0.0196363962357,0.0,-0.0635120779545,0.0202662776356,1.86581229416,0.0224196936094,-0.00613707716366,0.0,456.393983915659,453.8796593339133,456.89096866517536,456.3971576452369
0.9000000000000005,-0.0138058519816,-0.000351495344849,10.7596017363,0.0143601293247,0.0199988069632,0.0,-0.0771321073291,0.0297028617726,1.97094622929,0.0142020290246,0.0232156602705,0.0,440.26412349845026,442.6858830283816,442.82380506908424,442.14731624964065
0.9600000000000005,-0.018959147598,0.0018081136386,10.8861293759,0.0158178984505,0.021044099143,0.0,-0.0947951281264,0.0424311619501,2.24613658027,0.039253084,0.00212826071869,0.0,493.1438484365622,491.58374637474924,492.703956992058,494.55247153163833
1.0200000000000005,-0.0251024331916,0.00470557903692,11.024850937,0.0184472584511,0.0212260650457,0.0,-0.109992291821,0.0544138377508,2.37764539616,0.0516737886017,0.00478315489572,0.0,451.55114672691565,451.76519844586284,451.2064195747055,452.20904304920293
1.0800000000000005,-0.0321995426388,0.00841535531638,11.1732208348,0.0218686948133,0.0214834523505,0.0,-0.126601040624,0.06961546451,2.56760155599,0.0660080860836,0.00328427520918,0.0,469.7803773087246,469.66406311285004,469.5694175912969,470.6820406727021
1.1400000000000006,-0.0402864359882,0.0131066483442,11.3323564689,0.0261500199365,0.0224123811912,0.0,-0.143025203006,0.0872162259492,2.7365165805,0.0803345688401,0.0326777033931,0.0,463.4223715054756,465.72696396732596,463.88656422003163,465.0137793589185
1.2000000000000006,-0.0494531631445,0.0190318482613,11.5044702284,0.0304682991777,0.0254406492761,0.0,-0.162849131667,0.110862171227,2.9999287219,0.0446386356495,0.0727009141439,0.0,492.22652286262644,495.18061153572705,493.3540939417024,490.71460206782143
1.2600000000000007,-0.0596545727241,0.0261908955426,11.6831866226,0.0327470321661,0.0295413410237,0.0,-0.177544813505,0.127980547414,2.95737646046,0.019322463026,0.057783496264,0.0,398.95681312416883,397.5964563479241,399.9612554715317,397.6496251207961
1.3200000000000007,-0.070875148708,0.0344885073169,11.8617329924,0.033424005628,0.0336573766417,0.0,-0.196828413015,0.148696286568,2.99405531199,-0.0141121979927,0.0843460939488,0.0,423.5476471671695,425.82963093150516,427.10360040920835,424.24237281108446
1.3800000000000008,-0.0835044297911,0.0441976223159,12.0473764622,0.0326896970591,0.0387215284817,0.0,-0.224719999731,0.174829723684,3.19350108136,-0.00873227230198,0.0845150927818,0.0,475.2064069301653,475.2246908052597,476.31218828691556,476.723580056617
1.4400000000000008,-0.097655252804,0.0552353899044,12.2381333607,0.0324998651443,0.0437972825954,0.0,-0.247398656188,0.193068987577,3.16511965848,0.00613219678947,0.0847569251435,0.0,405.0460070165682,405.0743844126808,403.89784482106353,405.23633410095664
1.5000000000000009,-0.11332168355,0.0674169145204,12.4287259069,0.0330152786318,0.049254837609,0.0,-0.275292634525,0.213018506635,3.18787163429,0.0131015787481,0.101123808107,0.0,420.9005792727496,422.322023755853,422.03431612500594,422.6353397905748
1.560000000000001,-0.130853387247,0.0808640270126,12.6224327131,0.0337638393988,0.0552202475853,0.0,-0.309683074584,0.235285018258,3.26875133592,0.011194599689,0.0957884923835,0.0,440.7058129670128,440.2731861359231,441.6210455034613,441.463598009543
1.620000000000001,-0.150655937315,0.0957145806705,12.822557362,0.0342112638519,0.06082845863,0.0,-0.35098762015,0.259779000568,3.40163553386,-0.00132426499243,0.0883798040665,0.0,457.4783476322345,456.8951406527534,458.85397062421555,457.85894089345146
1.680000000000001,-0.172989579805,0.112004028662,13.0295645227,0.0341181715356,0.0658939496712,0.0,-0.393977251324,0.283181093203,3.49826640461,-0.00201004138318,0.075037235499,0.0,447.8366277667055,446.75572298320725,447.6854516441175,447.629680269326
1.740000000000001,-0.19779489437,0.129588541972,13.239232986,0.0334888489397,0.0704665156782,0.0,-0.433259742902,0.302944718507,3.49066755237,-0.0386051269223,0.0784551332251,0.0,413.7899188710704,414.0957589706049,416.3644942491595,413.1502559718617
1.8000000000000012,-0.225355994823,0.148487390792,13.4528880499,0.0314066613762,0.0747032414923,0.0,-0.485905346324,0.326762489846,3.63068938747,-0.0278623941484,0.046344433912,0.0,462.47568230177075,459.94279610049216,461.5317416325973,462.3783916534995
1.8600000000000012,-0.256184442142,0.168781758821,13.6752508864,0.0301891855189,0.0773728933348,0.0,-0.54197323058,0.349543472355,3.7808843523,-0.00832963286866,0.0405113490066,0.0,465.2892004790537,464.8333221167117,465.43732636888495,466.96358821399616
1.9200000000000013,-0.290049628273,0.19027086356,13.9016760248,0.0298052478103,0.0797056229785,0.0,-0.587075563025,0.366721250039,3.76663734334,-0.0027929605033,0.0353966608138,0.0,414.0631316832127,413.6137587221135,414.66631675105094,415.1525448602718
1.9800000000000013,-0.326728277994,0.212809523292,14.1280813185,0.0292190169535,0.081644985538,0.0,-0.635727881959,0.384535001237,3.78013032556,-0.0298064005317,0.0253319660727,0.0,424.64240186034306,423.77852462669915,424.18564722793946,421.8593796561741
2.0400000000000014,-0.36656000264,0.236470515143,14.357722632,0.0272207122561,0.0834526700371,0.0,-0.69214420184,0.403961692325,3.8742376337,-0.0414259537252,0.0383143082574,0.0,448.9992547073053,450.0516024198282,450.2628023335499,449.3212733233499
2.1000000000000014,-0.409830821549,0.261256818472,14.5931564696,0.0244647405844,0.0863481529672,0.0,-0.750461707265,0.421970231017,3.97318053924,-0.0569522324588,0.0630439482331,0.0,450.2336240816156,452.2314163044196,453.17311069549623,451.9220077689398
2.1600000000000015,-0.456530931216,0.287025397866,14.8329676981,0.0206570648549,0.0902740761389,0.0,-0.806561692179,0.436638059422,4.02031650406,-0.0814880525335,0.0698230753401,0.0,435.62941785542114,436.1991982527379,437.78644779081304,435.7366859890521
2.2200000000000015,-0.506794312719,0.313621265773,15.0769031564,0.0160686643138,0.0951879367347,0.0,-0.869323752743,0.449403982946,4.11048576129,-0.0679716926042,0.0989601771651,0.0,449.6250816432627,451.98469990390294,449.4831853521992,450.57270200378383
2.2800000000000016,-0.560613741063,0.340841024297,15.3229602605,0.0119212304706,0.101327124056,0.0,-0.925177779135,0.457570233513,4.09141619119,-0.0715327297768,0.108306021919,0.0,415.3661818277211,416.19489083718315,416.07576092762145,415.7598614805016
2.3400000000000016,-0.61827794785,0.368520094198,15.5716098633,0.00770710284021,0.108094834032,0.0,-0.997608775175,0.464619390054,4.19641979672,-0.0677608196934,0.120522400128,0.0,455.3414935017523,456.3286905295866,455.7664069532343,456.0641656918683
2.4000000000000017,-0.680881414859,0.39656265791,15.8306290744,0.00328434890803,0.115130138309,0.0,-1.08995184499,0.469606030504,4.43650434987,-0.0895723134991,0.109762344788,0.0,497.2148107601379,496.4365212568402,497.4929508123308,495.88940974678815
2.4600000000000017,-0.7485091605,0.42477399613,16.0981270062,6.28064156674,0.121975281051,0.0,-1.16492020568,0.470249543024,4.47980758549,-0.119917141011,0.121564451876,0.0,439.4077749962339,440.3968451450181,440.7862494251232,438.2622936137359
2.520000000000002,-0.820772571138,0.452905905024,16.3682366075,6.2735707711,0.129262811984,0.0,-1.24452577063,0.466808512195,4.52353736415,-0.11400095947,0.12124701288,0.0,440.5569858410188,440.5442072504412,440.1768962424794,440.65365002009656
2.580000000000002,-0.897978603777,0.480695420037,16.641149229,6.266945644,0.136439591199,0.0,-1.32967059278,0.458871936543,4.57319896481,-0.104080480461,0.116130059684,0.0,443.55653027724344,443.14896869764897,442.3501512288526,443.1555394356269
2.640000000000002,-0.981074937771,0.507802644129,16.9216579102,6.26083495763,0.143103507081,0.0,-1.44089725188,0.443992935952,4.77605823529,-0.0977145042827,0.0982955952931,0.0,490.60904325482323,489.2924790727696,490.1678551214854,490.6328185514766
2.700000000000002,-1.06991658253,0.534049192474,17.2068417868,6.25581209146,0.148904273457,0.0,-1.52099864361,0.430457671241,4.73012436031,-0.0647724724117,0.0932364393163,0.0,415.610293040271,415.1752614493654,412.19107702683266,415.08562877644783
2.760000000000002,-1.16420284622,0.55930706461,17.4928334255,6.25248364359,0.154712280311,0.0,-1.62239766583,0.411136118754,4.80244804604,-0.0414260187495,0.103110025115,0.0,452.39141738711714,453.19361557576354,452.3284773859879,454.20276006950064
2.820000000000002,-1.26450979871,0.583381328584,17.7819699811,6.24965320373,0.160767688138,0.0,-1.72171733759,0.391109513375,4.83510960888,-0.0622942964322,0.0961504479185,0.0,441.3844964568994,440.81854795216645,442.7554986465081,441.0335324882512
2.880000000000002,-1.37055916669,0.606267493434,18.0710076314,6.24581085488,0.166390902482,0.0,-1.81376587551,0.371453295649,4.7994562947,-0.0677776496118,0.0883576189472,0.0,419.67067479113354,419.0016036091785,420.30017016694694,419.82131884111845
2.940000000000002,-1.48208683852,0.627942277549,18.3570478907,6.24151355891,0.17137615366,0.0,-1.90428757832,0.350711797596,4.73532266387,-0.0806952696609,0.0696338576067,0.0,410.91966715267364,409.2623491753195,410.47767382346035,409.32502588508993
3.000000000000002,-1.59936719457,0.648244759351,18.6406009323,6.23648741643,0.17539023092,0.0,-2.00543864801,0.325625655634,4.71635241081,-0.090755583648,0.0607868753251,0.0,425.70892012766507,424.9546594980565,425.3837885459018,424.51514367171626
3.0600000000000023,-1.72325675557,0.666831347429,18.9256112838,6.23178987392,0.179214340903,0.0,-2.12454813734,0.293465262463,4.78350677021,-0.0608375184289,0.0690589245905,0.0,452.5629517176512,453.2312282936279,452.4343390544651,454.83189432778
3.1200000000000023,-1.85401501589,0.683507233591,19.2126377586,6.22881741935,0.183170237605,0.0,-2.23443863091,0.26212717457,4.78384385833,-0.0332820097082,0.0588039945754,0.0,433.05562474963534,432.19535781184493,431.8763742763437,434.1928378344875
3.1800000000000024,-1.99235355291,0.697989122083,19.5045479866,6.226437318,0.187291093465,0.0,-2.3771669683,0.2204208045,4.94554519504,-0.0572066970036,0.0833895579252,0.0,481.5716798474556,483.43102273474005,485.38254933591224,483.58271677840963
3.2400000000000024,-2.13854012544,0.710159393263,19.801819025,6.22337784482,0.192132224162,0.0,-2.49617045558,0.18498698754,4.96316173589,-0.0408058530382,0.074643631011,0.0,441.8505830467889,441.1341234787478,439.817665800836,441.1723842284204
3.3000000000000025,-2.29158494316,0.720269625592,20.0981892316,6.22090245837,0.196269010701,0.0,-2.60574442538,0.151827834058,4.91583315099,-0.0421729379055,0.0540118935281,0.0,421.1112782165551,419.3262601343004,420.12035035056107,420.0007696809965
3.3600000000000025,-2.45130749137,0.728342966514,20.3918408787,6.21826156702,0.199237142667,0.0,-2.71867182787,0.11707935037,4.87254099199,-0.0479783798926,0.0383395590099,0.0,421.99381829554494,420.64018728518806,421.97539163854645,421.4726344594217
3.4200000000000026,-2.61854436739,0.734069711957,20.686228209,6.21486925679,0.201222656431,0.0,-2.85608542896,0.0735563470048,4.93984209524,-0.0851820560181,0.019705309464,0.0,458.5013085235684,457.01861592464064,458.88765560336714,455.92180276418526
3.4800000000000026,-2.79284608605,0.73752838624,20.978624247,6.20965767878,0.202515573845,0.0,-2.95424109728,0.0413547876745,4.80712635869,-0.0904430202283,0.0250011642769,0.0,391.2336170743032,391.726567533059,391.1533794451596,390.6556417291586
3.5400000000000027,-2.97436690719,0.738516650059,21.2693193462,6.20498847045,0.204178144967,0.0,-3.09659776186,-0.00885777079166,4.88213502096,-0.0602059084102,0.0326392926734,0.0,460.11393464614804,460.7184934301521,458.8693205754546,461.25875129779087
3.6000000000000028,-3.16436504114,0.736450982827,21.563934457,6.20148995556,0.205915374325,0.0,-3.23685896577,-0.0602950941039,4.93786864603,-0.0547624014124,0.020319344113,0.0,455.64182380143166,454.6558836423576,455.46630137513876,455.8992380106292
3.660000000000003,-3.3626550553,0.731303411847,21.8610395403,6.19828647392,0.208022666641,0.0,-3.37300950263,-0.11155354466,4.9652635484,-0.0507823020071,0.0548088527853,0.0,444.6338426429593,447.4514232576169,448.69726678689995,449.01847474556394
3.720000000000003,-3.56905556382,0.723074374348,22.1591843764,6.19557564519,0.211777497852,0.0,-3.50737382511,-0.162968954533,4.97256294888,-0.0358404578805,0.0747905617956,0.0,441.3506811906869,442.9998420867079,440.853231696427,442.0850827300649
3.780000000000003,-3.78426529127,0.711449859117,22.4607725907,6.19312262247,0.215963146883,0.0,-3.66667596332,-0.224668824459,5.07949526568,-0.0535933578662,0.0570992169665,0.0,474.2378466661131,472.8800818567307,474.924837653385,473.5601752542373
3.840000000000003,-4.00959805309,0.695881750731,22.7708292454,6.18980833485,0.219338140351,0.0,-3.84467127065,-0.294522590078,5.25447420445,-0.0587477164211,0.0544954364464,0.0,495.316379796206,495.1266197034319,496.7434775881584,496.3635911915546
3.900000000000003,-4.24528583372,0.676226697152,23.0894605486,6.18645639606,0.222374436301,0.0,-4.01185727791,-0.360912022389,5.36561805891,-0.0506500972777,0.041397275662,0.0,480.754786862736,479.7625260929103,478.4169070496264,479.0312868152317
3.960000000000003,-4.49140117073,0.652391322051,23.4160919512,6.18450588308,0.225224526031,0.0,-4.19217175543,-0.43374220078,5.52088971714,-0.0100011411648,0.0575360460842,0.0,494.37686524414744,495.56586448561694,492.47026362053464,495.46776426824925
4.020000000000002,-4.74711366384,0.624718459113,23.7463134011,6.18383611259,0.228354155051,0.0,-4.33197286889,-0.488719866442,5.48631889218,-0.0135937860919,0.0383447918999,0.0,439.11581924961484,437.5222846803252,437.9542338676256,437.6553660913192
4.080000000000001,-5.01083129735,0.593934442991,24.0724724896,6.18364374726,0.230582773196,0.0,-4.45900488343,-0.537468353752,5.38587542254,0.0120779808237,0.0346267185004,0.0,416.016602505396,415.6915789086608,415.1688314817787,417.41579878499294
4.14,-5.28243262482,0.560144601927,24.393424444,6.18421087877,0.233032761624,0.0,-4.59474612793,-0.588816761292,5.31259166475,0.00360185681265,0.0510071079669,0.0,424.8501799802778,426.2535861245244,424.65339099870465,423.92539555316125
4.199999999999998,-5.56355691703,0.52274202261,24.7154095248,6.18415315811,0.237401650669,0.0,-4.77641505674,-0.657825659284,5.41921949572,-0.0121611258392,0.0980067113269,0.0,480.10402764673046,483.6606419872523,483.43357322558074,482.24416395502993
4.259999999999997,-5.85486877601,0.481541827873,25.0402998791,6.18407914004,0.242744253781,0.0,-4.93455837771,-0.715500381859,5.40999097988,0.0146375125439,0.0573804299295,0.0,450.9220199935946,447.6332315642952,446.57747982413883,448.7586220205762
4.319999999999996,-6.15688887434,0.436448707195,25.369017363,6.18498515616,0.24636325929,0.0,-5.13306864184,-0.787388976307,5.54601815768,0.0160100522292,0.0656211225818,0.0,494.22143176620335,494.83071949451505,493.75309590112886,493.85423642542827
4.379999999999995,-6.47022152403,0.387342318024,25.703039223,6.18589143949,0.250165629535,0.0,-5.31175878265,-0.849337566492,5.58731380244,0.0132297103056,0.058449945066,0.0,468.4878653652935,467.9325018770555,467.983658153073,467.7670267525973
4.439999999999993,-6.79442773849,0.334521814202,26.0396712546,6.18705848531,0.253342058412,0.0,-5.49548149845,-0.911185129462,5.63299496549,0.0296462665876,0.0386639831619,0.0,471.05056550297826,469.5192485830731,470.89855859559776,472.1670077316059
4.499999999999992,-7.13027957717,0.277825268561,26.381019352,6.18950023246,0.256058252034,0.0,-5.69980779299,-0.978374639707,5.74413866221,0.0566939679056,0.0559796997469,0.0,490.6082520176605,491.89345815692576,492.199839030165,494.1986010566699
4.559999999999991,-7.47769418113,0.217439253269,26.7259600803,6.19286700054,0.259240155738,0.0,-5.8810917998,-1.03415277107,5.75333299529,0.0549248623687,0.0463683576148,0.0,464.2482398565521,463.494984499513,463.0694526889594,462.9322293168838
4.6199999999999894,-7.83546944343,0.153976740642,27.0691003134,6.19701578298,0.261498915016,0.0,-6.04522846136,-1.08098046429,5.68463176562,0.088297362758,0.00782941999761,0.0,440.7097438320626,437.51238829311177,438.29394394679707,441.06297711998167
4.679999999999988,-8.20412377284,0.08747138975,27.4116268883,6.202180772,0.26167365387,0.0,-6.24341979928,-1.13533216434,5.73226705175,0.0812431811289,-0.00939507661714,0.0,477.74680904614337,476.43132262462035,476.13569674288294,475.6011307244072
4.739999999999987,-8.58382456828,0.0180710950315,27.7536225411,6.20737690744,0.261366797531,0.0,-6.41359985463,-1.1776438183,5.66766530801,0.0955970369713,0.00230661664847,0.0,441.160735940689,442.12625482493735,442.01637525025126,443.2041831197458
4.799999999999986,-8.97390430371,-0.0538162617251,28.0921182852,6.21292591033,0.262216491931,0.0,-6.58943909407,-1.2181699816,5.61547633117,0.0853933926808,0.0310070193554,0.0,445.3054498768125,447.64763863387293,446.1033570860852,445.2763043999165
4.859999999999984,-9.37446607264,-0.128010979155,28.4268950049,6.21833927152,0.264653422745,0.0,-6.76313904684,-1.25460331535,5.54372172949,0.0984537009501,0.0550223216217,0.0,437.660430282267,439.65609566449064,440.50777186170654,441.5935536603599
4.919999999999983,-9.78537068369,-0.204264984143,28.7566544628,6.22388149932,0.26809269594,0.0,-6.93431078625,-1.28680293844,5.44831018517,0.0760212710433,0.0615609220349,0.0,431.02514050590474,431.57989799077706,433.7901345994545,431.9089848237277
4.979999999999982,-10.2075002371,-0.282552889058,29.0836851723,6.22827028723,0.27158442196,0.0,-7.1372100409,-1.32238641465,5.45208208434,0.0666718666833,0.0504362339793,0.0,464.54408136156616,463.67286849118136,464.98089456512065,464.2515632898913
5.0399999999999805,-10.6422816127,-0.362969229241,29.41214449,6.2319034098,0.274214138854,0.0,-7.35595022693,-1.35777123888,5.49568136487,0.0440568390125,0.0253906082373,0.0,479.06580525079625,477.15798793264776,478.77393706937227,477.0519851869804
